image_width: 640
image_height: 480
camera_name: csi_cam_0
camera_matrix:
  rows: 3
  cols: 3
  data: [363.4541430698663, 0, 309.652874919135, 0, 479.2415477560788, 224.3192882074912, 0, 0, 1]
distortion_model: plumb_bob
distortion_coefficients:
  rows: 1
  cols: 5
  data: [-0.07228856367895972, 0.04904631349489533, 0.001353343503330481, 0.002150220751902886, 0]
rectification_matrix:
  rows: 3
  cols: 3
  data: [1, 0, 0, 0, 1, 0, 0, 0, 1]
projection_matrix:
  rows: 3
  cols: 4
  data: [356.7757873535156, 0, 312.1833860155512, 0, 0, 473.0173034667969, 224.9351017765666, 0, 0, 0, 1, 0]